[gd_scene load_steps=3 format=2]

[ext_resource path="res://Scenes-Jordan/Grass_Dense.tscn" type="PackedScene" id=1]
[ext_resource path="res://Scenes-Jordan/Grass_Sparse.tscn" type="PackedScene" id=2]

[node name="Grass" type="Spatial"]

[node name="Grass_Dense" type="Spatial" parent="." instance=ExtResource( 1 )]
transform = Transform( 1, 0, 0, 0, 1, 0, 0, 0, 1, 18.4086, 2.38419e-07, 0.462057 )

[node name="Grass_Dense2" type="Spatial" parent="." instance=ExtResource( 1 )]
transform = Transform( 0.517146, 0, -0.855897, 0, 1, 0, 0.855897, 0, 0.517146, 15.11, 7.15256e-07, 6.29811 )

[node name="Grass_Dense4" type="Spatial" parent="." instance=ExtResource( 1 )]
transform = Transform( 0.961832, 0, -0.27364, 0, 1, 0, 0.27364, 0, 0.961832, 22.907, 1.66893e-06, 3.09879 )

[node name="Grass_Dense5" type="Spatial" parent="." instance=ExtResource( 1 )]
transform = Transform( 0.975692, 0, 0.219148, 0, 1, 0, -0.219148, 0, 0.975692, 19.7415, 1.66893e-06, 10.1263 )

[node name="Grass_Dense6" type="Spatial" parent="." instance=ExtResource( 1 )]
transform = Transform( 0.975692, 0, 0.219148, 0, 1, 0, -0.219148, 0, 0.975692, 14.1408, 1.66893e-06, -11.5245 )

[node name="Grass_Dense27" type="Spatial" parent="." instance=ExtResource( 1 )]
transform = Transform( 0.975692, 0, 0.219148, 0, 1, 0, -0.219148, 0, 0.975692, 19.1551, 1.90735e-06, -12.8336 )

[node name="Grass_Dense7" type="Spatial" parent="." instance=ExtResource( 1 )]
transform = Transform( 0.15509, 0, 0.9879, 0, 1, 0, -0.9879, 0, 0.15509, 6.94713, 1.66893e-06, -11.1542 )

[node name="Grass_Dense8" type="Spatial" parent="." instance=ExtResource( 1 )]
transform = Transform( -0.834992, 0, 0.550262, 0, 1, 0, -0.550262, 0, -0.834992, 8.31923, 1.66893e-06, -4.28271 )

[node name="Grass_Dense9" type="Spatial" parent="." instance=ExtResource( 1 )]
transform = Transform( -0.834992, 0, 0.550262, 0, 1, 0, -0.550262, 0, -0.834992, 2.49842, 1.66893e-06, -8.65092 )

[node name="Grass_Dense10" type="Spatial" parent="." instance=ExtResource( 1 )]
transform = Transform( -0.883692, 0, -0.468069, 0, 1, 0, 0.468069, 0, -0.883692, -3.80596, 1.66893e-06, -12.2249 )

[node name="Grass_Dense11" type="Spatial" parent="." instance=ExtResource( 1 )]
transform = Transform( -0.883692, 0, -0.468069, 0, 1, 0, 0.468069, 0, -0.883692, -9.91483, 2.14577e-06, -10.7782 )

[node name="Grass_Dense12" type="Spatial" parent="." instance=ExtResource( 1 )]
transform = Transform( 0.102897, 0, -0.994692, 0, 1, 0, 0.994692, 0, 0.102897, -13.7169, 2.14577e-06, -7.07186 )

[node name="Grass_Dense13" type="Spatial" parent="." instance=ExtResource( 1 )]
transform = Transform( 0.102897, 0, -0.994692, 0, 1, 0, 0.994692, 0, 0.102897, -8.2372, 2.14577e-06, -1.84976 )

[node name="Grass_Dense14" type="Spatial" parent="." instance=ExtResource( 1 )]
transform = Transform( 0.863475, 0, -0.504392, 0, 1, 0, 0.504392, 0, 0.863475, -7.85333, 2.6226e-06, 6.2844 )

[node name="Grass_Dense15" type="Spatial" parent="." instance=ExtResource( 1 )]
transform = Transform( 0.863475, 0, -0.504392, 0, 1, 0, 0.504392, 0, 0.863475, -8.08233, 2.14577e-06, 12.2484 )

[node name="Grass_Dense16" type="Spatial" parent="." instance=ExtResource( 1 )]
transform = Transform( 0.850085, 0, 0.526644, 0, 1, 0, -0.526644, 0, 0.850085, -2.58912, 2.14577e-06, 9.24973 )

[node name="Grass_Dense17" type="Spatial" parent="." instance=ExtResource( 1 )]
transform = Transform( 0.843851, 0, -0.536578, 0, 1, 0, 0.536578, 0, 0.843851, 6.85659, 2.14577e-06, 12.8272 )

[node name="Grass_Dense18" type="Spatial" parent="." instance=ExtResource( 1 )]
transform = Transform( 0.934627, 0, 0.355629, 0, 1, 0, -0.355629, 0, 0.934627, 4.36641, 2.14577e-06, 10.1358 )

[node name="Grass_Dense19" type="Spatial" parent="." instance=ExtResource( 1 )]
transform = Transform( 0.761866, 0, 0.647734, 0, 1, 0, -0.647734, 0, 0.761866, -10.7481, 1.19209e-06, 12.9786 )

[node name="Grass_Dense20" type="Spatial" parent="." instance=ExtResource( 1 )]
transform = Transform( 0.761866, 0, 0.647734, 0, 1, 0, -0.647734, 0, 0.761866, -18.5656, 2.14577e-06, 6.54608 )

[node name="Grass_Dense21" type="Spatial" parent="." instance=ExtResource( 1 )]
transform = Transform( -0.0495647, 0, 0.998771, 0, 1, 0, -0.998771, 0, -0.0495647, -25.8316, 2.14577e-06, 2.89508 )

[node name="Grass_Dense22" type="Spatial" parent="." instance=ExtResource( 1 )]
transform = Transform( -0.0495647, 0, 0.998771, 0, 1, 0, -0.998771, 0, -0.0495647, -18.9849, 2.14577e-06, 13.6364 )

[node name="Grass_Dense23" type="Spatial" parent="." instance=ExtResource( 1 )]
transform = Transform( -0.761561, 0, 0.648093, 0, 1, 0, -0.648093, 0, -0.761561, -14.9868, 2.14577e-06, 11.3485 )

[node name="Grass_Dense24" type="Spatial" parent="." instance=ExtResource( 1 )]
transform = Transform( -0.761561, 0, 0.648093, 0, 1, 0, -0.648093, 0, -0.761561, -25.638, 2.14577e-06, -8.1508 )

[node name="Grass_Dense25" type="Spatial" parent="." instance=ExtResource( 1 )]
transform = Transform( -0.695223, 0, -0.718794, 0, 1, 0, 0.718794, 0, -0.695223, -18.2954, 2.14577e-06, -7.90623 )

[node name="Grass_Dense26" type="Spatial" parent="." instance=ExtResource( 1 )]
transform = Transform( -0.0657337, 0, -0.997837, 0, 1, 0, 0.997837, 0, -0.0657337, -18.6925, 2.14577e-06, -13.2818 )

[node name="Grass_Dense3" type="Spatial" parent="." instance=ExtResource( 1 )]
transform = Transform( -0.359557, 0, 0.933123, 0, 1, 0, -0.933123, 0, -0.359557, 18.186, 1.19209e-06, -7.08072 )

[node name="Grass_Sparse" type="Spatial" parent="." instance=ExtResource( 2 )]
transform = Transform( 0.958258, 0, 0.285906, 0, 1, 0, -0.285906, 0, 0.958258, 20.7587, 4.76837e-07, -3.73055 )

[node name="Grass_Sparse2" type="Spatial" parent="." instance=ExtResource( 2 )]
transform = Transform( 0.278203, 0, 0.960522, 0, 1, 0, -0.960522, 0, 0.278203, 15.527, 4.76837e-07, 6.24687 )

[node name="Grass_Sparse3" type="Spatial" parent="." instance=ExtResource( 2 )]
transform = Transform( -0.976466, 0, 0.215673, 0, 1, 0, -0.215673, 0, -0.976466, 15.7341, 4.76837e-07, 11.8303 )

[node name="Grass_Sparse4" type="Spatial" parent="." instance=ExtResource( 2 )]
transform = Transform( -0.421827, 0, 0.906676, 0, 1, 0, -0.906676, 0, -0.421827, 25.0071, 4.76837e-07, -2.73363 )

[node name="Grass_Sparse5" type="Spatial" parent="." instance=ExtResource( 2 )]
transform = Transform( 0.122406, 0, -0.99248, 0, 1, 0, 0.99248, 0, 0.122406, 16.0081, 4.76837e-07, -11.1252 )

[node name="Grass_Sparse6" type="Spatial" parent="." instance=ExtResource( 2 )]
transform = Transform( 0.122406, 0, -0.99248, 0, 1, 0, 0.99248, 0, 0.122406, 4.28344, 4.76837e-07, -12.0042 )

[node name="Grass_Sparse7" type="Spatial" parent="." instance=ExtResource( 2 )]
transform = Transform( 0.997559, 0, 0.0698263, 0, 1, 0, -0.0698263, 0, 0.997559, -3.53977, 4.76837e-07, -8.54097 )

[node name="Grass_Sparse8" type="Spatial" parent="." instance=ExtResource( 2 )]
transform = Transform( -0.176965, 0, 0.984217, 0, 1, 0, -0.984217, 0, -0.176965, -11.7339, 0, -12.2774 )

[node name="Grass_Sparse9" type="Spatial" parent="." instance=ExtResource( 2 )]
transform = Transform( -0.908589, 0, 0.417692, 0, 1, 0, -0.417692, 0, -0.908589, -13.2074, 0, 3.14173 )

[node name="Grass_Sparse10" type="Spatial" parent="." instance=ExtResource( 2 )]
transform = Transform( -0.121037, 0, -0.992648, 0, 1, 0, 0.992648, 0, -0.121037, -10.6735, 0, -2.27587 )

[node name="Grass_Sparse11" type="Spatial" parent="." instance=ExtResource( 2 )]
transform = Transform( 0.174714, 0, -0.984619, 0, 1, 0, 0.984619, 0, 0.174714, -5.55605, 0, 11.5459 )

[node name="Grass_Sparse12" type="Spatial" parent="." instance=ExtResource( 2 )]
transform = Transform( 0.728897, 0, 0.684624, 0, 1, 0, -0.684624, 0, 0.728897, 8.48113, 4.76837e-07, 5.82486 )

[node name="Grass_Sparse13" type="Spatial" parent="." instance=ExtResource( 2 )]
transform = Transform( 0.728897, 0, 0.684624, 0, 1, 0, -0.684624, 0, 0.728897, -18.8381, 9.53674e-07, 2.28172 )

[node name="Grass_Sparse14" type="Spatial" parent="." instance=ExtResource( 2 )]
transform = Transform( -0.101282, 0, 0.994858, 0, 1, 0, -0.994858, 0, -0.101282, -24.8352, 7.15256e-07, -2.26938 )

[node name="Grass_Sparse15" type="Spatial" parent="." instance=ExtResource( 2 )]
transform = Transform( -0.829769, 0, 0.558107, 0, 1, 0, -0.558107, 0, -0.829769, -23.4512, 7.15256e-07, -7.20186 )
