[gd_scene load_steps=9 format=2]

[ext_resource path="res://Assets/Old/Tree_2A.tscn" type="PackedScene" id=1]
[ext_resource path="res://Assets/Old/Tree_1B.tscn" type="PackedScene" id=2]
[ext_resource path="res://Assets/Old/Tree_2B.tscn" type="PackedScene" id=3]
[ext_resource path="res://Assets/Old/Tree_1A.tscn" type="PackedScene" id=4]
[ext_resource path="res://Assets/Old/TestPattern_01.png" type="Texture" id=5]



[sub_resource type="Environment" id=1]
background_mode = 1
ambient_light_color = Color( 0.701961, 0.298039, 0.584314, 1 )
ambient_light_energy = 2.2
fog_enabled = true
fog_color = Color( 0.32549, 0.188235, 0.47451, 1 )
fog_depth_enabled = false
fog_height_enabled = true
fog_height_min = 4.0
fog_height_max = -9.0
fog_height_curve = 1.05112
ssao_enabled = true
ssao_radius = 0.5
ssao_intensity = 15.0
ssao_radius2 = 1.2
ssao_intensity2 = 0.5
ssao_bias = 0.005
ssao_color = Color( 0.0352941, 0.172549, 0.203922, 1 )
ssao_blur = 2
glow_enabled = true
glow_intensity = 4.5
glow_blend_mode = 0
glow_hdr_threshold = 0.0
glow_hdr_luminance_cap = 10.0
glow_hdr_scale = 3.0

[sub_resource type="PlaneMesh" id=2]

[sub_resource type="SpatialMaterial" id=3]
albedo_color = Color( 0.670588, 0.203922, 0.588235, 1 )
albedo_texture = ExtResource( 5 )
uv1_scale = Vector3( 6, 6, 1 )

[node name="Spatial" type="Spatial"]

[node name="WorldEnvironment" type="WorldEnvironment" parent="."]
environment = SubResource( 1 )

[node name="Camera" type="Camera" parent="."]
transform = Transform( 0.5, -0.612373, 0.612372, 0, 0.707107, 0.707107, -0.866025, -0.353553, 0.353553, 8.36754, 10.1024, 4.99827 )
projection = 1
fov = 38.8
size = 12.0
far = 50.0

[node name="DirectionalLight" type="DirectionalLight" parent="."]
transform = Transform( -1.62921e-07, -0.34202, 0.939693, 0, 0.939693, 0.34202, -1, 5.57222e-08, -1.53095e-07, 0, 0, 0 )
light_color = Color( 0.85098, 0.984314, 0.717647, 1 )
light_energy = 1.33

[node name="Plane" type="MeshInstance" parent="."]
transform = Transform( 40, 0, 0, 0, 1, 0, 0, 0, 40, -15, 0, -15 )
mesh = SubResource( 2 )
material/0 = SubResource( 3 )

[node name="Tree_1A" parent="." instance=ExtResource( 4 )]
transform = Transform( 1.45524, 0, 0, 0, 1.10556, 0, 0, 0, 1.45524, -5.99552, 0, -0.573568 )

[node name="Tree_1A2" parent="." instance=ExtResource( 4 )]
transform = Transform( 1.04903, -0.0203114, 0.585952, 0.104511, 1.18828, -0.145916, -0.576914, 0.17833, 1.03903, -3.25494, 0, -6.42477 )

[node name="Tree_1A3" parent="." instance=ExtResource( 4 )]
transform = Transform( 0.99431, 0.035839, -0.100316, -0.026551, 0.995364, 0.0924377, 0.103164, -0.0892482, 0.990652, -0.896437, -9.53674e-07, 5.02287 )

[node name="Tree_1A4" parent="." instance=ExtResource( 4 )]
transform = Transform( 0.88469, 0, 0, 0, 1.00937, 0, 0, 0, 0.88469, 5.35619, 0, -5.01184 )

[node name="Tree_2A" parent="." instance=ExtResource( 1 )]
transform = Transform( 0.620155, 0.0174133, -0.610725, 0.0172707, 1.02815, 0.0385031, 0.610658, -0.0467624, 0.619134, -6.29727, 0, 5.05867 )

[node name="Tree_2A2" parent="." instance=ExtResource( 1 )]
transform = Transform( 0.887717, -0.0880541, 0.632605, 0.11809, 0.99416, 0, -0.628911, 0.0623827, 0.892932, -1.71331, 0, -9.22767 )

[node name="Tree_2A3" parent="." instance=ExtResource( 1 )]
transform = Transform( 0.470212, 0.0838213, -0.560234, -0.143043, 0.830556, -0.0415461, 0.542406, 0.185287, 0.472764, -6.6198, 0, -6.62455 )

[node name="Tree_2A4" parent="." instance=ExtResource( 1 )]
transform = Transform( 0.739892, 0, 0, 0, 0.739892, 0, 0, 0, 0.739892, 6.22716, 0, 2.44687 )

[node name="Tree_1B" parent="." instance=ExtResource( 2 )]
transform = Transform( 0.919634, 0, 0, 0, 1.01625, 0, 0, 0, 0.919634, -3.93488, 9.53674e-07, 1.43776 )

[node name="Tree_1B2" parent="." instance=ExtResource( 2 )]
transform = Transform( 1, 0, 0, 0, 1, 0, 0, 0, 1, 0.694538, 9.53674e-07, -5.81017 )

[node name="Tree_1B3" parent="." instance=ExtResource( 2 )]
transform = Transform( 0.853413, 0, 0, 0, 0.853413, 0, 0, 0, 0.853413, 4.32202, 9.53674e-07, -1.07913 )

[node name="Tree_1B4" parent="." instance=ExtResource( 2 )]
transform = Transform( 1.09286, -0.00347565, 0.0115286, 0.0035839, 1.09287, -0.0102605, -0.0114955, 0.0102977, 1.09281, 1.74464, 9.53674e-07, 6.29114 )

[node name="Tree_2B" parent="." instance=ExtResource( 3 )]
transform = Transform( 0.997182, -0.0742685, 0.0106288, 0.0736265, 0.995949, 0.0516223, -0.0144196, -0.0506942, 0.99861, -1.44561, 0, -0.874741 )

[node name="Tree_2B2" parent="." instance=ExtResource( 3 )]
transform = Transform( 0.951465, -0.0931377, 0.293326, 0.137413, 0.981393, -0.134112, -0.275377, 0.16791, 0.946559, -4.23899, 0, 7.1926 )

[node name="Tree_2B3" parent="." instance=ExtResource( 3 )]
transform = Transform( 1.12039, 0, 0, 0, 1.12039, 0, 0, 0, 1.12039, 5.27968, 0, -7.99374 )

[node name="Tree_2B4" parent="." instance=ExtResource( 3 )]
transform = Transform( 0.83301, -0.0113279, 1.04197, -0.0554495, 1.33161, 0.0588063, -1.04055, -0.0800282, 0.831009, 3.46276, 0, 1.77355 )
